CSV for QUEUE_SIZE_2_TESTS
Number of Devices,Lambda,Mu,Average Response for high priority,Average Turnaround for high priority,Miss Percetage for high priority,Average Response for low priority,Average Turnaround for low priority,Miss Percetage for low priority
2,2.000000,0.300000,0.002076,0.591791,10.00000,0.001920,0.652572,8.000000
2,2.000000,0.300000,0.002076,0.591791,10.00000,0.001920,0.652572,8.000000
2,2.000000,0.600000,0.002108,1.047442,32.00000,0.001971,1.172812,25.000000
2,2.000000,0.300000,0.002076,0.591791,10.00000,0.001920,0.652572,8.000000
2,2.000000,0.600000,0.002108,1.047442,32.00000,0.001971,1.172812,25.000000
2,2.000000,0.900000,0.002131,1.784231,36.00000,0.001989,2.025851,50.000000
2,2.000000,0.300000,0.002076,0.591791,10.00000,0.001920,0.652572,8.000000
2,2.000000,0.600000,0.002108,1.047442,32.00000,0.001971,1.172812,25.000000
2,2.000000,0.900000,0.002131,1.784231,36.00000,0.001989,2.025851,50.000000
4,2.000000,0.150000,0.002045,0.274546,3.00000,0.002314,0.333234,2.000000
2,2.000000,0.300000,0.002076,0.591791,10.00000,0.001920,0.652572,8.000000
2,2.000000,0.600000,0.002108,1.047442,32.00000,0.001971,1.172812,25.000000
2,2.000000,0.900000,0.002131,1.784231,36.00000,0.001989,2.025851,50.000000
4,2.000000,0.150000,0.002045,0.274546,3.00000,0.002314,0.333234,2.000000
4,2.000000,0.300000,0.002083,0.673888,10.00000,0.002290,0.897989,16.000000
2,2.000000,0.300000,0.002076,0.591791,10.00000,0.001920,0.652572,8.000000
2,2.000000,0.600000,0.002108,1.047442,32.00000,0.001971,1.172812,25.000000
2,2.000000,0.900000,0.002131,1.784231,36.00000,0.001989,2.025851,50.000000
4,2.000000,0.150000,0.002045,0.274546,3.00000,0.002314,0.333234,2.000000
4,2.000000,0.300000,0.002083,0.673888,10.00000,0.002290,0.897989,16.000000
4,2.000000,0.450000,0.002131,1.053805,20.00000,0.002281,2.177059,28.000000
2,2.000000,0.300000,0.002076,0.591791,10.00000,0.001920,0.652572,8.000000
2,2.000000,0.600000,0.002108,1.047442,32.00000,0.001971,1.172812,25.000000
2,2.000000,0.900000,0.002131,1.784231,36.00000,0.001989,2.025851,50.000000
4,2.000000,0.150000,0.002045,0.274546,3.00000,0.002314,0.333234,2.000000
4,2.000000,0.300000,0.002083,0.673888,10.00000,0.002290,0.897989,16.000000
4,2.000000,0.450000,0.002131,1.053805,20.00000,0.002281,2.177059,28.000000
8,4.000000,0.150000,0.003912,0.207062,0.00000,0.004357,0.313969,0.000000
2,2.000000,0.300000,0.002076,0.591791,10.00000,0.001920,0.652572,8.000000
2,2.000000,0.600000,0.002108,1.047442,32.00000,0.001971,1.172812,25.000000
2,2.000000,0.900000,0.002131,1.784231,36.00000,0.001989,2.025851,50.000000
4,2.000000,0.150000,0.002045,0.274546,3.00000,0.002314,0.333234,2.000000
4,2.000000,0.300000,0.002083,0.673888,10.00000,0.002290,0.897989,16.000000
4,2.000000,0.450000,0.002131,1.053805,20.00000,0.002281,2.177059,28.000000
8,4.000000,0.150000,0.003912,0.207062,0.00000,0.004357,0.313969,0.000000
8,6.000000,0.450000,0.005578,0.881166,2.00000,0.006445,1.893158,10.000000
2,2.000000,0.300000,0.002076,0.591791,10.00000,0.001920,0.652572,8.000000
2,2.000000,0.600000,0.002108,1.047442,32.00000,0.001971,1.172812,25.000000
2,2.000000,0.900000,0.002131,1.784231,36.00000,0.001989,2.025851,50.000000
4,2.000000,0.150000,0.002045,0.274546,3.00000,0.002314,0.333234,2.000000
4,2.000000,0.300000,0.002083,0.673888,10.00000,0.002290,0.897989,16.000000
4,2.000000,0.450000,0.002131,1.053805,20.00000,0.002281,2.177059,28.000000
8,4.000000,0.150000,0.003912,0.207062,0.00000,0.004357,0.313969,0.000000
8,6.000000,0.450000,0.005578,0.881166,2.00000,0.006445,1.893158,10.000000
8,6.000000,0.675000,0.005812,1.524575,7.00000,0.006480,5.320878,35.000000

CSV for QUEUE_SIZE_8_TESTS
Number of Devices,Lambda,Mu,Average Response for high priority,Average Turnaround for high priority,Miss Percetage for high priority,Average Response for low priority,Average Turnaround for low priority,Miss Percetage for low priority
2,2.000000,0.300000,0.002064,0.910009,1.00000,0.001939,1.225945,1.000000
2,2.000000,0.300000,0.002064,0.910009,1.00000,0.001939,1.225945,1.000000
2,2.000000,0.600000,0.002054,2.906922,10.00000,0.001978,3.865205,14.000000
2,2.000000,0.300000,0.002064,0.910009,1.00000,0.001939,1.225945,1.000000
2,2.000000,0.600000,0.002054,2.906922,10.00000,0.001978,3.865205,14.000000
2,2.000000,0.900000,0.001997,5.561565,20.00000,0.002017,8.992492,36.000000
2,2.000000,0.300000,0.002064,0.910009,1.00000,0.001939,1.225945,1.000000
2,2.000000,0.600000,0.002054,2.906922,10.00000,0.001978,3.865205,14.000000
2,2.000000,0.900000,0.001997,5.561565,20.00000,0.002017,8.992492,36.000000
4,2.000000,0.150000,0.002073,0.302228,0.00000,0.002296,0.379542,1.000000
2,2.000000,0.300000,0.002064,0.910009,1.00000,0.001939,1.225945,1.000000
2,2.000000,0.600000,0.002054,2.906922,10.00000,0.001978,3.865205,14.000000
2,2.000000,0.900000,0.001997,5.561565,20.00000,0.002017,8.992492,36.000000
4,2.000000,0.150000,0.002073,0.302228,0.00000,0.002296,0.379542,1.000000
4,2.000000,0.300000,0.002106,0.991224,0.00000,0.002300,2.338528,1.000000
2,2.000000,0.300000,0.002064,0.910009,1.00000,0.001939,1.225945,1.000000
2,2.000000,0.600000,0.002054,2.906922,10.00000,0.001978,3.865205,14.000000
2,2.000000,0.900000,0.001997,5.561565,20.00000,0.002017,8.992492,36.000000
4,2.000000,0.150000,0.002073,0.302228,0.00000,0.002296,0.379542,1.000000
4,2.000000,0.300000,0.002106,0.991224,0.00000,0.002300,2.338528,1.000000
4,2.000000,0.450000,0.002096,2.050629,4.00000,0.002442,9.842034,32.631579
2,2.000000,0.300000,0.002064,0.910009,1.00000,0.001939,1.225945,1.000000
2,2.000000,0.600000,0.002054,2.906922,10.00000,0.001978,3.865205,14.000000
2,2.000000,0.900000,0.001997,5.561565,20.00000,0.002017,8.992492,36.000000
4,2.000000,0.150000,0.002073,0.302228,0.00000,0.002296,0.379542,1.000000
4,2.000000,0.300000,0.002106,0.991224,0.00000,0.002300,2.338528,1.000000
4,2.000000,0.450000,0.002096,2.050629,4.00000,0.002442,9.842034,32.631579
8,4.000000,0.150000,0.003915,0.194751,0.00000,0.004287,0.316248,0.000000
2,2.000000,0.300000,0.002064,0.910009,1.00000,0.001939,1.225945,1.000000
2,2.000000,0.600000,0.002054,2.906922,10.00000,0.001978,3.865205,14.000000
2,2.000000,0.900000,0.001997,5.561565,20.00000,0.002017,8.992492,36.000000
4,2.000000,0.150000,0.002073,0.302228,0.00000,0.002296,0.379542,1.000000
4,2.000000,0.300000,0.002106,0.991224,0.00000,0.002300,2.338528,1.000000
4,2.000000,0.450000,0.002096,2.050629,4.00000,0.002442,9.842034,32.631579
8,4.000000,0.150000,0.003915,0.194751,0.00000,0.004287,0.316248,0.000000
8,6.000000,0.450000,0.005736,0.834090,0.00000,0.006413,4.245153,0.000000
2,2.000000,0.300000,0.002064,0.910009,1.00000,0.001939,1.225945,1.000000
2,2.000000,0.600000,0.002054,2.906922,10.00000,0.001978,3.865205,14.000000
2,2.000000,0.900000,0.001997,5.561565,20.00000,0.002017,8.992492,36.000000
4,2.000000,0.150000,0.002073,0.302228,0.00000,0.002296,0.379542,1.000000
4,2.000000,0.300000,0.002106,0.991224,0.00000,0.002300,2.338528,1.000000
4,2.000000,0.450000,0.002096,2.050629,4.00000,0.002442,9.842034,32.631579
8,4.000000,0.150000,0.003915,0.194751,0.00000,0.004287,0.316248,0.000000
8,6.000000,0.450000,0.005736,0.834090,0.00000,0.006413,4.245153,0.000000
8,6.000000,0.675000,0.005605,1.935351,0.00000,0.006470,25.312158,27.000000

